N 86 0.77 54.92
R 93 0.35 58.45
M 92 0.49 56.50
H 62 0.27 44.76
A 59 0.63 41.54
O 40 0.26 39.75
K 36 0.11 37.04
I 67 0.29 46.76
Q 30 0.62 37.21
D 67 0.35 45.12
J 2 0.22 25.41
W 69 0.67 52.22
X 56 0.11 48.04
Y 29 0.73 39.58
D 19 0.84 29.28
F 98 0.24 56.08
R 70 0.13 50.71
Y 91 0.80 60.27
C 73 0.62 46.87
G 96 0.81 55.94
X 25 0.84 37.95
L 36 0.05 37.35
E 29 0.13 32.71
N 24 0.95 34.32
A 45 0.14 36.71
F 34 0.64 34.88
H 50 0.87 40.96
K 76 0.78 50.59
O 84 0.03 54.34
N 54 0.99 44.33
K 60 0.76 45.25
W 39 0.12 42.04
Q 86 0.94 55.98
B 95 0.70 53.90
Q 78 0.67 53.22
J 97 0.02 57.01
V 92 0.52 59.51
M 1 0.80 26.27
Q 41 0.65 40.88
X 44 0.19 44.06
M 29 0.31 35.44
R 97 0.71 59.90
L 75 0.09 50.36
T 67 0.56 50.52
N 53 0.86 43.95
Z 6 0.83 32.28
J 24 0.28 32.76
F 32 0.29 34.10
R 19 0.70 33.90
S 8 0.15 30.38
S 49 0.96 44.32
N 18 0.45 32.15
Q 51 0.21 44.07
F 79 0.88 49.96
A 28 0.41 31.14
W 93 0.00 60.00
C 64 0.24 43.75
E 87 0.56 52.19
H 91 0.27 54.42
F 59 0.36 43.12
M 51 0.37 42.79
O 75 0.07 51.36
K 21 0.58 32.19
P 29 0.37 36.46
J 93 0.18 55.73
I 43 0.11 38.70
Y 29 0.76 39.59
C 43 0.63 36.88
H 38 0.06 36.69
C 4 0.18 23.73
O 88 0.69 55.90
D 17 0.96 28.65
M 43 0.70 40.23
D 90 0.99 53.00
W 25 0.44 37.48
G 5 0.39 25.46
I 86 0.69 53.23
K 42 0.64 39.21
T 7 0.55 30.52
C 48 0.11 38.37
E 28 0.99 32.66
T 46 0.68 43.56
I 22 0.11 31.70
O 5 0.01 28.00
T 30 0.78 38.26
V 20 0.36 35.45
S 26 0.22 36.41
P 8 0.16 29.39
Q 58 0.24 46.41
B 62 0.24 42.75
G 36 0.52 35.84
N 79 0.50 52.50
Q 71 0.73 50.91
Z 81 0.30 57.10
D 94 0.60 54.20
P 99 0.81 59.94
R 96 0.59 59.53
L 13 0.68 29.89
A 95 0.26 53.42
U 84 0.40 56.47
U 84 0.76 56.59
Q 36 0.07 39.02
R 56 0.79 46.26
E 87 0.12 52.04
K 72 0.59 49.20
H 36 0.10 36.03
C 87 0.06 51.35
D 13 0.72 27.24
X 55 0.19 47.73
D 21 0.04 29.68
X 11 0.40 33.13
N 5 0.28 27.76
T 50 0.84 44.95
W 20 0.24 35.75
M 69 0.96 48.99
J 30 0.84 34.95
K 72 0.72 49.24
I 25 0.85 32.95
U 99 0.40 61.47
M 98 0.13 58.38
M 90 0.24 55.75
A 9 0.81 24.94
R 36 0.32 39.44
D 94 0.04 54.01
J 69 0.73 47.91
O 50 0.55 43.18
I 42 0.79 38.60
M 93 0.05 56.68
L 67 0.04 47.68
H 61 0.54 44.51
U 59 0.44 48.15
U 2 0.06 29.02
Y 21 0.42 36.81
Y 28 0.89 39.30
Y 8 0.58 32.53
M 36 0.08 37.69
T 48 0.03 44.01
Z 33 0.48 41.16
I 54 0.67 42.56
S 68 0.29 50.43
G 46 0.88 39.29
B 49 0.90 38.63
P 33 0.63 37.88
R 53 0.92 45.31
C 25 0.52 30.84
M 75 0.88 50.96
D 29 0.36 32.45
K 14 0.21 29.74
U 4 0.28 29.76
Z 50 0.48 46.83
O 2 0.94 27.31
B 99 0.43 55.14
L 2 0.28 26.09
L 0 0.81 25.60
H 38 0.59 36.86
J 35 0.34 36.45
D 92 0.15 53.38
D 4 0.29 24.10
V 64 0.85 50.28
T 43 0.35 42.45
B 0 0.38 22.13
P 49 0.89 43.30
H 88 0.92 53.64
X 43 0.44 43.81
P 90 0.82 56.94
G 41 0.69 37.56
I 32 0.61 35.20
Q 60 0.17 47.06
F 61 0.81 43.94
J 90 0.25 54.75
U 67 0.77 50.92
S 90 0.26 57.75
I 57 0.14 43.38
E 5 0.58 24.86
W 86 0.00 57.67
Q 26 0.94 35.98
Y 52 0.78 47.26
X 46 0.90 44.97
Z 70 0.51 53.50
Y 31 0.93 40.31
V 27 0.12 37.71
G 14 0.55 28.52
E 90 0.12 53.04
F 10 0.69 26.90
T 74 0.55 52.85
D 20 0.33 29.44
T 88 0.38 57.46
S 70 0.84 51.28
E 17 0.06 28.69
C 49 0.37 38.79
D 59 0.17 42.39
I 45 0.83 39.61
J 58 0.73 44.24
N 89 0.83 55.94
T 78 0.57 54.19
S 71 0.29 51.43
S 59 0.18 47.39
Y 25 0.88 38.29
E 33 0.57 34.19
P 93 0.58 57.86
Q 99 0.17 60.06
D 69 0.63 45.88
U 94 0.73 59.91
B 31 0.62 32.54
C 90 0.92 52.64
V 57 0.15 47.72
X 57 0.74 48.58
J 47 0.51 40.50
D 21 0.37 29.79
G 54 0.30 41.77
Q 25 0.81 35.60
G 16 0.02 29.01
J 39 0.96 37.99
C 38 0.80 35.27
U 21 0.70 35.57
E 12 0.79 27.26
J 85 0.36 53.12
G 76 0.83 49.28
L 59 0.57 45.19
E 99 0.11 56.04
P 50 0.36 43.45
U 18 0.05 34.35
D 49 0.44 39.15
B 5 0.34 23.78
B 75 0.55 47.18
A 89 0.68 51.56
P 18 0.05 32.68
Q 22 0.82 34.61
Z 30 0.93 40.31
W 26 0.93 37.98
Y 53 0.43 47.48
W 14 0.13 33.71
V 77 0.62 54.54
R 88 0.19 56.73
M 32 0.94 36.65
J 46 0.35 40.12
D 91 0.53 53.18
T 73 0.28 52.43
N 91 0.10 56.37
S 17 0.36 33.45
P 55 0.90 45.30
U 30 0.04 38.35
P 61 0.33 47.11
L 89 0.73 55.24
K 51 0.05 42.02
K 68 0.03 47.68
P 6 0.95 28.98
L 49 0.20 41.73
F 26 0.63 32.21
J 96 0.81 56.94
D 60 0.36 42.79
Z 70 0.18 53.39
V 42 0.32 42.77
U 79 0.21 54.74
W 84 0.72 57.24
F 34 0.40 34.80
X 72 0.98 53.66
M 63 0.47 46.82
O 30 0.73 36.58
G 59 0.22 43.41
L 24 0.82 33.61
B 32 0.04 32.68
A 43 0.98 36.33
G 40 0.78 37.26
N 62 0.62 46.87
H 41 0.48 37.83
V 24 0.72 36.91
M 54 0.35 43.78
X 57 0.65 48.55
R 71 0.76 51.25
N 18 0.01 32.00
D 53 0.33 40.44
H 59 0.28 43.76
S 97 0.20 60.07
U 8 0.34 31.11
A 91 0.76 52.25
U 15 0.52 33.51
T 89 0.59 57.86
I 10 0.16 27.72
W 9 0.39 32.13
Q 78 0.09 53.03
X 81 0.14 56.38
Q 89 0.26 56.75
R 47 0.23 43.08
V 31 0.32 39.11
C 81 0.75 49.58
S 79 0.90 54.30
O 50 0.31 43.10
B 57 0.94 41.31
X 81 0.03 56.34
G 33 0.82 34.94
R 87 0.15 56.38
C 25 0.04 30.68
Q 92 0.51 57.84
P 32 0.34 37.45
N 6 0.15 28.05
R 8 0.95 30.32
X 62 0.97 50.32
V 76 0.54 54.18
F 9 0.87 26.62
W 82 0.21 56.40
G 63 0.60 44.87
M 11 0.85 29.62
U 85 0.30 56.77
C 83 0.14 50.05
C 16 0.20 27.73
U 25 0.28 36.76
B 25 0.90 30.63
O 60 0.18 46.39
T 37 0.28 40.43
K 21 0.10 32.03
F 88 0.25 52.75
B 70 0.37 45.46
R 8 0.22 30.07
P 50 0.57 43.52
V 27 0.26 37.75
N 71 0.51 49.84
J 10 0.28 28.09
V 98 0.88 61.63
G 93 0.77 54.92
K 76 0.99 50.66
Q 31 0.87 37.62
P 99 0.57 59.86
O 52 0.17 43.72
D 35 0.68 34.56
W 84 0.95 57.32
O 5 0.66 28.22
S 54 0.28 45.76
K 93 0.78 56.26
J 55 0.72 43.24
W 45 0.00 44.00
X 97 0.83 61.94
O 27 0.82 35.61
L 93 0.34 56.45
J 34 0.21 36.07
N 85 0.57 54.52
W 61 0.62 49.54
K 41 0.16 38.72
E 50 0.62 39.87
U 99 0.17 61.39
Y 73 0.15 54.05
G 51 0.64 40.88
U 63 0.91 49.64
Q 37 0.37 39.46
P 28 0.71 36.24
C 87 0.56 51.52
G 41 0.70 37.57
I 65 0.11 46.04
V 17 0.61 34.54
R 51 0.12 44.37
Y 6 0.38 31.79
H 64 0.89 45.63
E 54 0.04 41.01
H 79 0.41 50.47
E 38 0.69 35.90
A 70 0.56 45.19
Q 60 0.49 47.16
Q 65 0.14 48.71
U 86 0.83 57.28
N 69 0.35 49.12
G 21 0.93 30.98
W 89 0.09 58.70
J 73 0.64 49.21
F 48 0.95 39.65
Z 13 0.33 34.44
C 49 0.55 38.85
Z 93 0.68 61.23
Q 60 0.33 47.11
L 86 0.71 54.24
O 77 0.40 52.13
V 81 0.61 55.87
G 23 0.50 31.50
C 54 0.75 40.58
C 42 0.24 36.41
B 19 0.89 28.63
O 69 0.38 49.46
T 76 0.83 53.61
V 33 0.43 39.81
G 56 0.81 42.60
V 66 0.11 50.70
H 12 0.92 28.31
N 2 0.68 26.89
X 2 0.74 30.25
R 18 0.16 33.39
D 77 0.87 48.62
M 73 0.57 50.19
U 25 0.33 36.78
R 96 0.18 59.39
T 53 0.26 45.75
Y 80 0.93 56.64
T 48 0.05 44.02
O 29 0.59 36.20
E 60 0.62 43.21
C 19 0.80 28.93
L 2 0.10 26.03
I 26 0.83 33.28
V 40 0.08 42.03
X 38 0.57 42.19
J 31 0.10 35.03
O 5 0.90 28.30
B 91 0.38 52.46
U 21 0.67 35.56
X 71 0.80 53.27
P 95 0.99 58.66
W 88 0.54 58.51
Y 69 0.32 52.77
F 10 0.73 26.91
Q 33 0.63 38.21
Z 79 0.94 56.65
R 99 0.51 60.50
L 64 0.42 46.81
U 86 0.15 57.05
D 15 0.86 27.95
N 11 0.34 29.78
P 87 0.22 55.74
L 73 0.43 49.81
R 42 0.54 41.51
E 24 0.39 31.13
P 63 0.18 47.73
P 12 0.69 30.90
H 4 0.33 25.44
J 34 0.19 36.06
J 35 0.87 36.62
N 69 0.50 49.17
X 2 0.37 30.12
C 89 0.10 52.03
H 60 0.04 44.01
N 57 0.29 45.10
R 16 0.92 32.97
Z 22 0.05 37.35
H 79 0.61 50.54
M 78 0.47 51.82
M 45 0.82 40.94
D 99 0.51 55.84
H 86 0.53 52.84
Q 48 0.94 43.31
E 6 0.07 25.02
G 17 0.64 29.55
J 20 0.80 31.60
S 94 0.54 59.18
V 37 0.33 41.11
G 17 0.12 29.37
V 17 0.09 34.36
T 56 0.08 46.69
P 45 0.95 41.98
U 71 0.95 52.32
B 59 0.01 41.67
Y 52 0.71 47.24
S 25 0.43 36.14
A 91 0.89 52.30
N 66 0.78 48.26
O 50 0.96 43.32
K 33 0.13 36.04
S 99 0.70 60.90
S 68 0.15 50.38
N 42 0.39 40.13
D 63 0.98 43.99
Y 39 0.02 42.67
N 31 0.28 36.43
L 4 0.71 26.90
U 83 0.38 56.13
X 95 0.40 61.13
F 72 0.26 47.42
E 58 0.25 42.42
C 52 0.45 39.82
C 46 0.39 37.80
X 83 0.03 57.01
T 25 0.42 36.47
Y 39 0.74 42.91
S 96 0.30 59.77
Z 94 0.13 61.38
N 19 0.60 32.53
Q 92 0.32 57.77
C 79 0.90 48.97
T 35 0.95 39.98
C 7 0.41 24.80
B 70 0.76 45.59
S 84 0.01 55.67
Z 0 0.92 30.31
R 96 0.40 59.47
T 63 0.35 49.12
W 73 0.06 53.35
M 23 0.51 33.50
F 51 0.30 40.43
N 4 0.65 27.55
K 2 0.25 25.75
H 91 0.47 54.49
J 84 0.31 52.77
P 19 0.31 33.10
L 28 0.27 34.76
M 19 0.43 32.14
N 23 0.68 33.89
J 39 0.43 37.81
K 88 0.94 54.65
W 80 0.98 55.99
S 18 0.52 33.84
F 98 0.95 56.32
E 5 0.79 24.93
M 66 0.98 47.99
B 72 0.78 46.26
P 66 0.97 48.99
G 47 0.72 39.57
M 86 0.12 54.37
Z 77 0.00 55.67
V 97 0.32 61.11
V 35 0.51 40.50
B 98 0.49 54.83
Q 61 0.06 47.35
G 3 0.25 24.75
A 28 0.97 31.32
P 33 0.15 37.72
S 81 0.14 54.71
L 97 0.00 57.67
B 8 0.29 24.76
X 13 0.79 33.93
Q 16 0.14 32.38
N 75 0.65 51.22
A 30 0.26 31.75
K 16 0.29 30.43
L 52 0.09 42.70
K 15 0.95 30.32
Z 28 0.76 39.59
N 13 0.26 30.42
O 62 0.86 47.29
L 63 0.00 46.33
E 97 0.16 55.39
N 82 0.44 53.48
O 20 0.26 33.09
Q 65 0.94 48.98
D 34 0.46 34.15
C 53 0.62 40.21
H 86 0.42 52.81
Y 34 0.07 41.02
M 34 0.69 37.23
W 15 0.84 34.28
A 24 0.82 29.94
V 51 0.16 45.72
J 43 0.37 39.12
F 61 0.02 43.67
T 60 0.88 48.29
B 20 0.41 28.80
R 24 0.28 35.43
J 8 0.62 27.54
Q 70 0.96 50.65
P 66 0.11 48.70
G 15 0.87 28.96
C 32 0.90 33.30
Q 93 0.33 58.11
B 80 0.94 48.98
T 13 0.54 32.51
E 44 0.75 37.92
T 38 0.51 40.84
N 73 0.11 50.37
B 68 0.81 44.94
V 83 0.99 56.66
J 35 0.14 36.38
U 69 0.46 51.49
X 72 0.91 53.64
A 11 0.23 25.41
Z 57 0.36 49.12
T 39 0.81 41.27
O 14 0.71 31.24
R 18 0.96 33.65
G 83 0.64 51.55
R 97 0.00 59.67
V 74 0.35 53.45
V 90 0.57 58.86
O 49 0.29 42.76
H 90 0.92 54.31
J 29 0.49 34.50
N 22 0.40 33.47
W 43 0.55 43.52
B 66 0.25 44.08
O 53 0.60 44.20
A 20 0.57 28.52
E 87 0.83 52.28
E 21 0.26 30.09
F 5 0.27 25.09
A 28 0.69 31.23
O 27 0.98 35.66
S 63 0.21 48.74
Q 83 0.16 54.72
F 23 0.82 31.27
Y 11 0.35 33.45
Z 63 0.08 51.03
C 68 0.95 45.32
S 60 0.68 47.89
Q 9 0.73 30.24
T 87 0.54 57.18
F 57 0.81 42.60
Z 29 0.96 39.99
S 42 0.80 41.93
E 9 0.55 26.18
Z 54 0.66 48.22
K 59 0.81 44.94
E 73 0.01 47.34
C 71 0.13 46.04
C 99 0.22 55.41
S 55 0.61 46.20
G 80 0.71 50.57
B 3 0.00 23.00
S 0 0.42 27.81
E 12 0.04 27.01
L 59 0.58 45.19
F 94 0.17 54.72
M 36 0.90 37.97
K 26 0.14 33.71
F 37 0.65 35.88
G 21 0.20 30.73
J 63 0.00 45.67
I 86 0.04 53.01
R 58 0.56 46.85
F 10 0.68 26.89
D 69 0.28 45.76
N 46 0.74 41.58
G 5 0.10 25.37
R 65 0.89 49.30
L 90 0.26 55.42
E 38 0.99 36.00
V 0 0.62 28.87
N 32 0.48 36.83
F 17 0.07 29.02
X 97 0.69 61.90
O 28 0.39 35.80
G 70 0.85 47.28
I 80 0.42 51.14
A 33 0.07 32.69
L 0 0.50 25.50
V 85 0.88 57.29
U 90 0.40 58.47
S 47 0.25 43.42
N 61 0.94 46.65
C 30 0.91 32.64
P 20 0.20 33.40
M 38 0.42 38.47
A 30 0.22 31.74
Q 85 0.08 55.36
W 80 0.08 55.69
W 2 0.45 29.82
Y 22 0.87 37.29
N 57 0.35 45.12
A 92 0.48 52.49
A 86 0.30 50.43
Y 49 0.51 46.17
U 56 0.89 47.30
C 48 0.72 38.57
G 82 0.57 51.19
A 76 0.37 47.12
R 20 0.39 34.13
Q 5 0.14 28.71
Q 82 0.23 54.41
F 36 0.15 35.38
P 84 0.53 54.84
V 24 0.54 36.85
I 36 0.10 36.37
M 42 0.58 39.86
M 23 0.41 33.47
J 11 0.69 28.56
S 60 0.90 47.97
I 55 0.47 42.82
Y 89 0.81 59.60
J 58 0.17 44.06
E 75 0.01 48.00
N 74 0.78 50.93
X 77 0.66 55.22
Y 69 0.61 52.87
O 33 0.36 37.45
N 6 0.99 28.33
P 16 0.60 32.20
R 70 0.67 50.89
Q 86 0.08 55.69
D 77 0.66 48.55
G 35 0.93 35.64
X 46 0.19 44.73
H 12 0.96 28.32
A 40 0.17 35.06
H 74 0.50 48.83
L 2 0.08 26.03
M 51 0.25 42.75
E 90 0.47 53.16
D 76 0.34 48.11
Z 95 0.63 61.88
X 31 0.51 39.84
Q 20 0.97 33.99
W 88 0.61 58.54
Y 74 0.01 54.34
M 69 0.28 48.76
W 52 0.82 46.61
N 82 0.33 53.44
E 77 0.23 48.74
D 90 0.51 52.84
L 60 0.46 45.49
L 47 0.29 41.10
M 28 0.49 35.16
V 28 0.89 38.30
R 76 0.63 52.88
U 90 0.84 58.61
U 59 0.36 48.12
G 84 0.71 51.90
T 38 0.00 40.67
A 39 0.90 34.97
P 75 0.50 51.83
R 26 0.50 36.17
Q 28 0.78 36.59
I 79 0.58 50.86
Z 44 0.34 44.78
V 11 0.77 32.59
B 57 0.36 41.12
C 34 0.72 33.91
P 95 0.10 58.37
R 32 0.49 38.16
P 67 0.76 49.25
G 1 0.02 24.01
U 63 0.82 49.61
Q 27 0.14 36.05
U 33 0.58 39.53
E 54 0.69 41.23
J 59 0.27 44.42
H 1 0.13 24.38
J 18 0.60 30.87
X 35 0.92 41.31
B 43 0.12 36.37
F 53 0.13 41.04
A 13 0.28 26.09
W 51 0.56 46.19
Q 99 0.41 60.14
B 81 0.95 49.32
Y 89 0.54 59.51
D 36 0.08 34.69
W 4 0.26 30.42
D 33 0.14 33.71
T 64 0.57 49.52
P 24 0.10 34.70
E 38 0.23 35.74
H 34 0.26 35.42
F 45 0.25 38.42
A 66 0.06 43.69
L 56 0.47 44.16
R 26 0.84 36.28
T 60 0.40 48.13
K 55 0.73 43.58
I 95 0.90 56.30
Z 46 0.66 45.55
V 63 0.04 49.68
M 8 0.90 28.63
U 61 0.35 48.78
J 55 0.01 43.00
P 44 0.10 41.37
X 91 0.88 59.96
L 47 0.48 41.16
T 81 0.56 55.19
S 29 0.51 37.50
K 34 0.49 36.50
C 1 0.64 22.88
S 43 0.72 42.24
H 11 0.33 27.78
K 56 0.40 43.80
E 59 0.36 42.79
O 10 0.28 29.76
Q 97 0.75 59.58
I 24 0.56 32.52
W 25 0.85 37.62
B 19 0.71 28.57
N 80 0.24 52.75
J 96 0.67 56.89
C 3 0.30 23.43
V 46 0.86 44.29
Q 94 0.45 58.48
A 52 0.08 39.03
O 98 0.05 59.02
F 44 0.30 38.10
J 47 0.07 40.36
I 0 0.78 24.59
B 7 0.58 24.53
L 79 0.07 51.69
A 75 0.10 46.70
M 4 0.08 27.03
I 26 0.02 33.01
C 85 0.06 50.69
W 23 0.04 36.68
X 37 0.01 41.67
F 10 0.48 26.83
M 69 0.00 48.67
D 50 0.08 39.36
H 56 0.87 42.96
S 28 0.62 37.21
V 83 0.18 56.39
X 23 0.45 37.15
I 61 0.82 44.94
O 7 0.57 28.86
F 11 0.94 27.31
Q 44 0.57 41.86
U 37 0.26 40.75
U 60 0.28 48.43
E 41 0.84 36.95
L 82 0.65 52.88
R 33 0.48 38.49
S 44 0.23 42.41
H 10 0.85 27.62
L 83 0.44 53.15
S 12 0.55 31.85
L 42 0.00 39.33
Y 20 0.89 36.63
Q 50 0.49 43.83
O 37 0.42 38.81
H 14 0.24 28.75
Y 54 0.09 47.70
Y 64 0.54 51.18
P 19 0.16 33.05
E 60 0.99 43.33
L 6 0.63 27.54
I 99 0.05 57.35
E 1 0.77 23.59
L 29 0.28 35.09
G 86 0.17 52.39
X 79 0.83 55.94
D 89 0.37 52.46
X 47 0.53 45.18
D 80 0.24 49.41
D 99 0.84 55.95
N 14 0.43 30.81
O 84 0.42 54.47
S 7 0.96 30.32
X 18 0.25 35.42
X 31 0.63 39.88
Y 86 0.94 58.65
M 17 0.35 31.45
F 58 0.82 42.94
X 53 0.15 47.05
X 17 0.14 35.05
O 80 0.80 53.27
R 6 0.64 29.55
R 38 0.23 40.08
N 52 0.42 43.47
X 45 0.25 44.42
I 56 0.63 43.21
F 2 0.80 24.27
K 85 0.91 53.64
X 74 0.44 54.15
M 88 0.61 55.20
C 38 0.41 35.14
M 79 0.48 52.16
W 66 0.38 51.13
O 50 0.42 43.14
Y 59 0.88 49.63
L 35 0.96 37.32
U 6 0.98 30.66
G 13 0.35 28.12
T 54 0.62 46.21
M 10 0.02 29.01
N 32 0.40 36.80
N 86 0.71 54.90
X 4 0.89 30.96
P 46 0.39 42.13
O 82 0.50 53.83
O 43 0.86 40.95
S 19 0.92 34.31
O 76 0.57 51.86
F 75 0.63 48.54
T 19 0.25 34.42
D 77 0.09 48.36
T 80 0.95 54.98
M 31 0.00 36.00
Y 20 0.46 36.49
T 56 0.29 46.76
U 28 0.24 37.75
K 48 0.44 41.15
W 18 0.72 35.24
Q 72 0.47 51.16
N 39 0.19 39.06
D 9 0.48 25.83
Q 70 0.28 50.43
K 55 0.59 43.53
I 29 0.31 34.10
A 42 0.88 35.96
J 6 0.68 26.89
A 8 0.69 24.56
O 3 0.87 27.62
K 7 0.11 27.37
J 26 0.03 33.34
Y 71 0.64 53.55
O 26 0.86 35.29
U 76 0.41 53.80
R 78 0.22 53.41
T 26 0.65 36.88
R 4 0.23 28.74
X 58 0.32 48.77
K 8 0.87 27.96
O 30 0.94 36.65
T 51 0.72 45.24
S 92 0.44 58.48
Q 80 0.22 53.74
J 49 0.98 41.33
K 28 0.76 34.59
T 87 0.02 57.01
E 38 0.58 35.86
J 58 0.68 44.23
V 46 0.28 44.09
O 74 0.58 51.19
Y 14 0.62 34.54
V 56 0.54 47.51
F 15 0.34 28.45
T 60 0.35 48.12
X 46 0.64 44.88
X 55 0.03 47.68
X 33 0.42 40.47
I 83 0.00 52.00
C 16 0.46 27.82
X 37 0.21 41.74
B 3 0.87 23.29
B 42 0.43 36.14
V 77 0.10 54.37
A 86 0.70 50.57
J 93 0.17 55.72
R 28 0.24 36.75
V 66 0.58 50.86
H 66 0.93 46.31
D 86 0.09 51.36
V 35 0.46 40.49
Y 95 0.02 61.34
F 16 0.96 28.99
L 92 0.74 56.25
F 6 0.60 25.53
A 3 0.06 22.69
H 17 0.34 29.78
T 34 0.52 39.51
P 93 0.18 57.73
E 4 0.05 24.35
M 13 0.92 30.31
Y 44 0.87 44.62
Q 61 0.56 47.52
L 26 0.48 34.16
N 50 0.54 42.85
P 96 0.09 58.70
P 11 0.26 30.42
M 2 0.12 26.37
E 52 0.57 40.52
D 46 0.61 38.20
K 50 0.27 41.76
W 53 0.71 46.90
Q 57 0.84 46.28
W 10 0.11 32.37
G 37 0.13 36.04
W 77 0.61 54.87
B 74 0.24 46.75
S 54 0.26 45.75
M 39 0.78 38.93
W 42 0.25 43.08
V 2 0.27 29.42
I 54 0.80 42.60
H 46 0.90 39.63
A 94 0.00 53.00
Z 42 0.90 44.30
K 96 0.19 57.06
H 12 0.93 28.31
D 54 0.48 40.83
N 60 0.87 46.29
G 24 0.29 31.76
L 2 0.83 26.28
O 6 0.37 28.46
P 34 0.36 38.12
H 46 0.30 39.43
X 69 0.25 52.42
F 57 0.73 42.58
Q 58 0.85 46.62
W 83 0.39 56.80
K 86 0.52 53.84
L 68 0.76 48.25
A 27 0.30 30.77
T 66 0.37 50.12
G 33 0.71 34.90
M 94 0.17 57.06
D 55 0.38 41.13
K 7 0.47 27.49
F 77 0.57 49.19
R 93 0.92 58.64
M 57 0.78 44.93
E 60 0.47 43.16
R 44 0.26 42.09
R 11 0.92 31.31
O 68 0.77 49.26
T 60 0.71 48.24
G 87 0.79 52.93
C 87 0.86 51.62
R 13 0.63 31.88
G 24 0.09 31.70
A 74 0.66 46.55
P 29 0.27 36.42
C 60 0.71 42.57
Y 73 0.35 54.12
X 24 0.03 37.34
M 45 0.15 40.72
A 88 0.03 51.01
L 68 0.42 48.14
Z 0 0.55 30.18
I 36 0.31 36.44
J 17 0.58 30.53
M 76 0.87 51.29
D 34 0.99 34.33
I 70 0.72 47.91
